ID reg,secure domains,insecure domains,percent secure
WEBS-0001,82878,35821,69.82
WEBG-0001,7819,30712,20.29
ISKI-0001,6458,16974,27.56
GRAN-0063CZ,2431,14731,14.17
ELBI-0002,1967,2799,41.27
ZONE-0002,726,7602,8.72
REG-366265,502,201,71.41
REG-379549,253,627,28.75
IPEK-0001,141,31896,0.44
Q1SK-0001,85,55,60.71
PLAT-0008,79,2555,3.0
REG-361069,69,8511,0.8
ACTI-0024,46,29239,0.16
NETH-0005,45,769,5.53
DIGI-0100,40,43,48.19
QDIG-0003,38,529,6.7
REG-366491,29,5856,0.49
GAYA-0001,28,141,16.57
MUCH-0003,24,12,66.67
DOTJ-0001,20,5,80.0
EXOT-0004,18,16974,0.11
NETH-0006,18,3,85.71
UXSO-0001,17,7,70.83
TNET-0001,17,2,89.47
EMAR-0005,16,7,69.57
SLOV-0006,13,3674,0.35
JEEF-0001,13,1,92.86
MADE-0005,13,1,92.86
ONIK-0002,12,115,9.45
MRIO-0022,12,28,30.0
ZENM-0002,11,31,26.19
TOMI-0041,11,3,78.57
MAKR-0001,8,105,7.08
JPDD-0002,8,3,72.73
JOZE-2815,8,1,88.89
MILO-0245,7,150,4.46
COMC-0005,7,62,10.14
GABR-0283,7,4,63.64
SWAN-0004,6,4457,0.13
GAND-0081,6,364,1.62
DELN-0001,6,85,6.59
AARI-0002,6,38,13.64
SLOV-0063,6,21,22.22
SAGE-0006,6,8,42.86
INFO-0074,6,0,100.0
SPEE-0025,5,2097,0.24
IXIN-0001,5,190,2.56
CAND-0016,5,22,18.52
INTE-0050,5,17,22.73
LEVO-0001,5,2,71.43
ACRO-0011,5,1,83.33
ELBO-0005,5,1,83.33
SYST-0017,5,1,83.33
UNIV-0040,5,0,100.0
KEYS-1001,4,2792,0.14
VISS-0001,4,362,1.09
TRIT-0008,4,134,2.9
NAME-0004,4,68,5.56
DECE-0001,4,35,10.26
CREO-0007,4,23,14.81
MART-2448,4,1,80.0
DIGI-0056,4,0,100.0
SLOV-1417,3,2152,0.14
UBOM-0334,3,770,0.39
TOPZ-0001,3,222,1.33
SINT-0001,3,73,3.95
ZERO-0008,3,30,9.09
FREE-0030,3,9,25.0
SITE-0002,3,6,33.33
SINC-0002,3,2,60.0
SECU-0026,3,1,75.0
MBSI-0001,3,0,100.0
WEBY-0002,2,3482,0.06
RING-0001,2,399,0.5
EPIX-0002,2,343,0.58
INET-0003,2,186,1.06
VIRT-0017,2,66,2.94
VYKU-0005,2,53,3.64
ANEJ-0257,2,49,3.92
COMP-0031,2,29,6.45
IUNI-0002,2,22,8.33
MARI-1542,2,17,10.53
FAIL-0001,2,17,10.53
RUPK-0001,2,7,22.22
ZTRO-0001,2,5,28.57
ENTI-0007,2,3,40.0
FUSI-0005,2,3,40.0
CGCI-0001,2,2,50.0
MAYE-0003,2,2,50.0
SALA-0008,2,2,50.0
NETI-0019,2,1,66.67
SLOV-1138,2,1,66.67
LAER-0002,2,1,66.67
FINO-0004,2,0,100.0
CSCG-0001,1,2975,0.03
EURO-1052,1,2421,0.04
EURO-0005,1,2304,0.04
EVAH-0016,1,2001,0.05
MARE-0015,1,1314,0.08
MARK-0292,1,1240,0.08
NETI-0001,1,1107,0.09
STAN-0022,1,926,0.11
REG-367149,1,732,0.14
CROO-0002,1,714,0.14
RJAR-0001,1,667,0.15
WEBC-0006,1,501,0.2
BLUE-0058,1,390,0.26
EURO-0941,1,231,0.43
MILA-0279,1,227,0.44
SPSE-0001,1,207,0.48
VDIU-0001,1,205,0.49
ABSO-0003,1,154,0.65
JBED-0002,1,144,0.69
CCTE-0001,1,140,0.71
OSYS-0002,1,134,0.74
DISC-0015,1,134,0.74
ORAN-0003,1,126,0.79
ONEC-0007,1,122,0.81
USPO-0002,1,102,0.97
MILL-0001,1,98,1.01
BEES-0002,1,83,1.19
MCPS-0002,1,82,1.2
CNSI-0001,1,76,1.3
MSCI-0001,1,64,1.54
WEBR-0001,1,64,1.54
GITI-0001,1,62,1.59
HUGO-0001,1,62,1.59
DOBI-0004,1,61,1.61
MARK-0071,1,61,1.61
IUJH-0001,1,53,1.85
PAVO-0635,1,47,2.08
KODA-0003,1,46,2.13
STUF-0001,1,44,2.22
LIFE-0022,1,40,2.44
BBXI-0001,1,33,2.94
CREA-0052,1,33,2.94
TREX-0001,1,27,3.57
ARDE-0001,1,27,3.57
RUPO-0002,1,22,4.35
OCSI-0001,1,19,5.0
TECH-0064,1,16,5.88
IMRE-0001,1,14,6.67
SK-NIC,1,14,6.67
SMIS-0002,1,13,7.14
SENE-0008,1,13,7.14
OPEY-0001,1,9,10.0
AXAL-0001,1,8,11.11
RADO-0009,1,8,11.11
PREO-0004,1,8,11.11
ADAC-0006,1,6,14.29
SATR-0001,1,5,16.67
MSIN-0002,1,5,16.67
VYSO-0011,1,4,20.0
HOLT-0004,1,4,20.0
PAVO-1332,1,3,25.0
TRON-0005,1,3,25.0
AXON-0004,1,3,25.0
WNIX-0001,1,3,25.0
YSIE-0001,1,3,25.0
INCI-0004,1,3,25.0
TPAR-0001,1,1,50.0
ALES-0005,1,1,50.0
GYMN-0001,1,1,50.0
VLAD-0269,1,1,50.0
PCHS-0001,1,1,50.0
ITCO-0011,1,0,100.0
FCON-0002,1,0,100.0
NEPL-0001,1,0,100.0
NTEI-0001,1,0,100.0
UNIV-0032,1,0,100.0
UNIT-0001,0,1557,0.0
REG-366213,0,953,0.0
JKMA-0001,0,788,0.0
REG-366501,0,773,0.0
INCZ-0001,0,696,0.0
1XIN-0004,0,689,0.0
COML-0001,0,626,0.0
MAMM-0001,0,597,0.0
SHOP-0007,0,519,0.0
DSID-0001,0,441,0.0
MYST-0008,0,436,0.0
REG-359369,0,427,0.0
SOFT-0061,0,424,0.0
ALL4-0004,0,417,0.0
DATA-0008,0,392,0.0
NETR-0002,0,383,0.0
SIXN-0003,0,355,0.0
BART-0039,0,350,0.0
VIDE-0024,0,332,0.0
RAHO-0001,0,327,0.0
KCOR-0003,0,321,0.0
IMAF-0002,0,318,0.0
LSPO-0001,0,312,0.0
NAME-0005,0,309,0.0
PROX-0002,0,296,0.0
FUEL-0002,0,284,0.0
BRAN-0167,0,275,0.0
VISU-0006,0,272,0.0
USRS-0002,0,263,0.0
SMIR-0001,0,261,0.0
FIRM-0072,0,254,0.0
BSOL-0001,0,252,0.0
VLAD-0050,0,235,0.0
TBAN-0001,0,231,0.0
ACSI-0001,0,227,0.0
KIOS-0003,0,226,0.0
MARE-0222,0,224,0.0
IRIS-0004,0,224,0.0
UNIO-0012,0,219,0.0
GLOB-0022,0,215,0.0
ADEM-0001,0,215,0.0
PORT-0001,0,208,0.0
NEWS-0010,0,205,0.0
MEDI-0478,0,205,0.0
DUST-0001,0,196,0.0
BACK-0004,0,193,0.0
VDAT-0001,0,184,0.0
COMT-0006,0,183,0.0
WSOI-0001,0,183,0.0
WEBM-0005,0,180,0.0
INVE-0001,0,179,0.0
SCHO-0002,0,174,0.0
AISI-0001,0,171,0.0
K3GR-0001,0,169,0.0
DATU-0001,0,169,0.0
HOST-0015,0,164,0.0
MEDI-0306,0,163,0.0
ALEX-0152,0,156,0.0
NROD-0057,0,156,0.0
EVCM-0001,0,147,0.0
ISFU-0001,0,144,0.0
MICH-2017,0,140,0.0
FORM-0001,0,140,0.0
SOLT-0001,0,138,0.0
ZUTO-0002,0,134,0.0
ACTI-0001,0,133,0.0
AGRI-0040,0,133,0.0
2CRE-0001,0,130,0.0
KRIS-0038,0,128,0.0
MILA-0496,0,126,0.0
EUSO-0001,0,126,0.0
REG-366851,0,125,0.0
JNST-0001,0,123,0.0
LIPT-0035,0,122,0.0
PETE-2105,0,121,0.0
IMPR-0012,0,121,0.0
IVAN-0789,0,119,0.0
REG-366521,0,118,0.0
INTE-0002,0,115,0.0
2V1I-0001,0,113,0.0
GRMA-0001,0,113,0.0
REG-366291,0,112,0.0
HEAD-0008,0,110,0.0
RADI-0025,0,108,0.0
JERE-0001,0,108,0.0
ANTI-0002,0,104,0.0
STRA-0032,0,104,0.0
NETS-0009,0,103,0.0
IDES-0002,0,103,0.0
GWEB-0001,0,102,0.0
ZOOO-0001,0,102,0.0
INAT-0001,0,101,0.0
ESQU-0001,0,101,0.0
AAPR-0001,0,101,0.0
GIRO-0002,0,99,0.0
NEXU-0004,0,98,0.0
NAME-0002,0,97,0.0
MATT-0005,0,96,0.0
NETI-0015,0,96,0.0
ZPAD-0015,0,96,0.0
ESKO-0004,0,96,0.0
SSIN-0002,0,95,0.0
LOMB-0002,0,95,0.0
DENA-0002,0,94,0.0
WISK-0001,0,88,0.0
MTSD-0002,0,88,0.0
AXON-0001,0,87,0.0
PEGO-0002,0,87,0.0
NTRA-0002,0,87,0.0
SEDA-0008,0,87,0.0
CBSO-0002,0,87,0.0
MIRO-0021,0,86,0.0
PETE-1200,0,84,0.0
ALKA-0001,0,84,0.0
MAQU-0001,0,84,0.0
PCIN-0003,0,82,0.0
ROMA-0522,0,82,0.0
AKCE-0001,0,81,0.0
VONE-0004,0,80,0.0
BCST-0001,0,79,0.0
SAIN-0001,0,78,0.0
JAMP-0059,0,78,0.0
POTO-0004,0,77,0.0
ZZOL-0001,0,77,0.0
XTEC-0002,0,77,0.0
PATR-0050,0,76,0.0
TOMN-0006,0,76,0.0
ZERG-0001,0,74,0.0
KOLL-0022,0,74,0.0
3IN1-0001,0,74,0.0
WDTI-0001,0,73,0.0
SPEE-0009,0,73,0.0
ACOM-0011,0,71,0.0
ZOZN-0001,0,68,0.0
JMKM-0001,0,68,0.0
SLOV-1149,0,67,0.0
IVAN-0021,0,67,0.0
4CUB-0001,0,66,0.0
TART-0001,0,66,0.0
MOVA-0002,0,65,0.0
ROMA-0002,0,64,0.0
COMS-0013,0,64,0.0
VOLK-0002,0,64,0.0
DATA-0022,0,64,0.0
TECH-0261,0,63,0.0
NETM-0006,0,63,0.0
CREA-0039,0,62,0.0
CIDI-0002,0,61,0.0
NEOM-0004,0,61,0.0
KREM-0007,0,61,0.0
VLAD-0422,0,61,0.0
INET-0011,0,61,0.0
IREA-0001,0,61,0.0
SOTO-0001,0,60,0.0
MILA-0055,0,59,0.0
AGLO-0004,0,59,0.0
INCO-0029,0,59,0.0
JIMI-0002,0,58,0.0
CSWE-0002,0,58,0.0
UCOM-0001,0,58,0.0
DYNA-0001,0,58,0.0
FAJN-0002,0,57,0.0
LIMI-0003,0,57,0.0
COMB-0006,0,57,0.0
SIGN-0001,0,57,0.0
PETE-0332,0,57,0.0
VALT-0001,0,56,0.0
NETK-0006,0,56,0.0
TSYS-0001,0,56,0.0
SECU-0028,0,56,0.0
PREM-0053,0,56,0.0
TEMP-0003,0,56,0.0
RLAM-0001,0,54,0.0
FINA-0062,0,54,0.0
WSIT-0001,0,54,0.0
DONL-0002,0,54,0.0
FUTU-0010,0,54,0.0
PAED-0069,0,53,0.0
CREA-0014,0,53,0.0
A-CO-0001,0,53,0.0
GAMP-0015,0,53,0.0
DVID-0027,0,52,0.0
NETB-0006,0,52,0.0
ZENT-0003,0,51,0.0
WIFI-0003,0,50,0.0
ENER-0011,0,50,0.0
XGTE-0001,0,49,0.0
BAIT-0004,0,49,0.0
QUAN-0012,0,49,0.0
CITY-0005,0,49,0.0
ELIT-0012,0,48,0.0
PCOM-0001,0,48,0.0
SLAV-0008,0,48,0.0
CRYS-0009,0,48,0.0
NETW-0003,0,48,0.0
SAGE-0002,0,48,0.0
MIRO-0433,0,47,0.0
MADW-0001,0,47,0.0
FIBR-0003,0,47,0.0
MSPO-0001,0,47,0.0
NET2-0001,0,46,0.0
DUOC-0003,0,46,0.0
PINF-0001,0,46,0.0
COOL-0033,0,46,0.0
IT7I-0001,0,45,0.0
PFGE-0001,0,45,0.0
MMSY-0002,0,44,0.0
INTI-0001,0,44,0.0
MILA-0798,0,44,0.0
MART-0715,0,43,0.0
MEDI-0009,0,43,0.0
PETE-0060,0,43,0.0
DUAN-0016,0,43,0.0
MARA-0009,0,42,0.0
DIAD-0005,0,42,0.0
LLAR-0001,0,42,0.0
COMC-0008,0,42,0.0
QSOF-0003,0,42,0.0
NAPR-0001,0,41,0.0
MATU-0017,0,41,0.0
SORU-0001,0,41,0.0
ELIB-0001,0,41,0.0
PETE-2374,0,41,0.0
AMBI-0009,0,41,0.0
FLOW-0012,0,41,0.0
DATY-0001,0,41,0.0
ALFA-0093,0,40,0.0
SCRG-0001,0,40,0.0
ALTA-0010,0,40,0.0
METR-0006,0,40,0.0
MHHI-0001,0,39,0.0
ECCE-0001,0,39,0.0
NETI-0010,0,39,0.0
CAPP-0001,0,39,0.0
BUTT-0004,0,39,0.0
DATA-0012,0,39,0.0
WIRC-0001,0,38,0.0
MIRO-0678,0,38,0.0
JANH-0006,0,38,0.0
DANN-0003,0,38,0.0
WEBK-0001,0,38,0.0
VSSA-0001,0,37,0.0
ADAL-0003,0,37,0.0
ATTE-0009,0,37,0.0
RVOL-0001,0,37,0.0
CNCI-0001,0,37,0.0
MCPO-0003,0,36,0.0
COME-0017,0,36,0.0
ELET-0004,0,36,0.0
ZEMN-0003,0,36,0.0
UNIV-0027,0,36,0.0
EURO-0119,0,36,0.0
ISPE-0001,0,35,0.0
MART-1768,0,35,0.0
GREE-0084,0,35,0.0
MICH-0160,0,35,0.0
BSYS-0002,0,35,0.0
GLOB-0006,0,35,0.0
BEST-0089,0,34,0.0
AZTE-0001,0,34,0.0
INET-0010,0,34,0.0
LEXS-0003,0,33,0.0
H5SM-0001,0,33,0.0
AMIC-0013,0,33,0.0
LADI-0530,0,33,0.0
PCSH-0002,0,33,0.0
PANC-0003,0,33,0.0
DEVE-0038,0,33,0.0
I1IN-0001,0,32,0.0
DUBI-0001,0,32,0.0
MIRO-1509,0,32,0.0
BOHD-0018,0,32,0.0
SPOI-0001,0,31,0.0
TECH-0022,0,31,0.0
CSIX-0001,0,31,0.0
PSAL-0001,0,31,0.0
WEBO-0001,0,31,0.0
PETE-4914,0,31,0.0
NAYH-0001,0,31,0.0
FPDM-0001,0,31,0.0
AURI-0001,0,30,0.0
ZOKA-0001,0,30,0.0
BELN-0002,0,30,0.0
ISLU-0001,0,30,0.0
ESRV-0001,0,30,0.0
SULA-0001,0,29,0.0
ACTI-0013,0,29,0.0
REG-366267,0,29,0.0
INTE-0496,0,29,0.0
PAGE-0004,0,29,0.0
FLOY-0004,0,29,0.0
GAMO-0002,0,29,0.0
SIEC-0002,0,29,0.0
USTA-0001,0,29,0.0
PADD-0002,0,29,0.0
MTSY-0001,0,29,0.0
REBL-0001,0,29,0.0
CHAN-0002,0,29,0.0
ROLA-0066,0,28,0.0
PORT-0089,0,28,0.0
GRID-0003,0,28,0.0
ROLD-0001,0,28,0.0
BANN-0001,0,28,0.0
ONEJ-0131,0,28,0.0
SIMM-0002,0,28,0.0
WEBT-0003,0,28,0.0
NELS-0002,0,28,0.0
MILO-0114,0,27,0.0
LOMT-0002,0,27,0.0
WISH-0002,0,27,0.0
BAWE-0001,0,27,0.0
REDG-0001,0,27,0.0
MODE-0042,0,27,0.0
MART-1049,0,26,0.0
EMIT-0001,0,26,0.0
INNO-0021,0,26,0.0
SSTR-0001,0,26,0.0
NETL-0004,0,25,0.0
GSYS-0006,0,25,0.0
NETH-0001,0,25,0.0
ATLI-0010,0,25,0.0
BBON-0001,0,25,0.0
REG-370323,0,25,0.0
CMDI-0001,0,25,0.0
BUBB-0001,0,25,0.0
CONA-0001,0,25,0.0
LIGH-0007,0,25,0.0
BISI-0001,0,25,0.0
PROG-0042,0,25,0.0
DELP-0005,0,25,0.0
INTE-0272,0,25,0.0
TURB-0009,0,25,0.0
PSTE-0001,0,24,0.0
SOLV-0006,0,24,0.0
MSOF-0001,0,24,0.0
PDML-0001,0,24,0.0
ITEN-0002,0,24,0.0
IDEA-0034,0,24,0.0
AXON-0002,0,24,0.0
SYNE-0001,0,24,0.0
MMBO-0002,0,24,0.0
AOII-0001,0,23,0.0
PSLU-0001,0,23,0.0
ELTI-0001,0,23,0.0
EURO-0001,0,23,0.0
VPNI-0001,0,22,0.0
CCLU-0001,0,22,0.0
FINE-0006,0,22,0.0
JURA-0202,0,22,0.0
MULT-0077,0,22,0.0
WEBF-0008,0,22,0.0
SSYS-0002,0,22,0.0
MAXO-0002,0,22,0.0
JNON-0018,0,22,0.0
VACO-0003,0,22,0.0
DEEM-0002,0,22,0.0
XNET-0001,0,22,0.0
MPIN-0002,0,22,0.0
ENGI-0001,0,22,0.0
PRVI-0004,0,22,0.0
DANI-0242,0,21,0.0
CREA-0064,0,21,0.0
ROMA-0139,0,21,0.0
BRAI-0001,0,21,0.0
AVEN-0004,0,21,0.0
JCIB-0001,0,21,0.0
IVAN-0271,0,21,0.0
AXIS-0006,0,21,0.0
ZAZE-0001,0,21,0.0
EURO-0992,0,21,0.0
REXT-0003,0,21,0.0
VSER-0001,0,21,0.0
SAND-0001,0,21,0.0
PBRA-0001,0,21,0.0
NETS-0010,0,21,0.0
JKOS-0001,0,20,0.0
EURO-0002,0,20,0.0
INFO-0028,0,20,0.0
MARE-0397,0,20,0.0
NOST-0003,0,20,0.0
BNPP-0002,0,20,0.0
LONL-0001,0,20,0.0
VOIN-0003,0,20,0.0
REDI-0008,0,20,0.0
FONE-0001,0,20,0.0
GRAF-0031,0,20,0.0
KLIN-0010,0,20,0.0
LMOL-0001,0,20,0.0
PRES-0058,0,19,0.0
2DAY-0003,0,19,0.0
BEKO-0009,0,19,0.0
PDIN-0003,0,19,0.0
VIZI-0011,0,19,0.0
AHCP-0002,0,19,0.0
CORN-0002,0,19,0.0
NETR-0007,0,19,0.0
FAST-0001,0,19,0.0
KARO-0040,0,19,0.0
PRIH-0003,0,19,0.0
DOXX-0008,0,19,0.0
IADV-0003,0,18,0.0
TCXI-0001,0,18,0.0
GARS-0001,0,18,0.0
VILA-0001,0,18,0.0
IOPT-0001 ,0,18,0.0
RADO-0412,0,18,0.0
DATA-0078,0,18,0.0
WISI-0001,0,18,0.0
REVA-0006,0,18,0.0
FRIA-0001,0,18,0.0
SOFT-0069,0,18,0.0
CEST-0040,0,18,0.0
KYBE-0003,0,18,0.0
LIVE-0016,0,18,0.0
PEVY-0003,0,18,0.0
MATO-0018,0,17,0.0
ERSH-0004,0,17,0.0
MIRO-0569,0,17,0.0
DITE-0001,0,17,0.0
GOLE-0010,0,17,0.0
FRAN-0404,0,17,0.0
BLUE-0039,0,17,0.0
CELL-0004,0,17,0.0
MGDA-0001,0,17,0.0
SIMI-0004,0,17,0.0
IMPU-0011,0,16,0.0
LANS-0004,0,16,0.0
CLOU-0005,0,16,0.0
JAKU-0235,0,16,0.0
LALE-0001,0,16,0.0
XAVE-0001,0,16,0.0
FEVE-0001,0,16,0.0
EYON-0001,0,16,0.0
KGRO-0006,0,16,0.0
VISI-0002,0,16,0.0
PSOF-0001,0,16,0.0
BITC-0002,0,16,0.0
SPAZ-0002,0,16,0.0
CENT-0215,0,16,0.0
QBSW-0001,0,16,0.0
HATR-0001,0,16,0.0
NETE-0001,0,15,0.0
A3BO-0003,0,15,0.0
ITPR-0001,0,15,0.0
VISM-0002,0,15,0.0
ORTE-0001,0,15,0.0
SETI-0005,0,15,0.0
MEDI-0127,0,15,0.0
PETE-1004,0,15,0.0
HAIN-0001,0,15,0.0
MSEL-0001,0,15,0.0
KBSE-0001,0,15,0.0
LERW-0001,0,15,0.0
DSYS-0001,0,15,0.0
BISA-0002,0,15,0.0
JOZE-0430,0,15,0.0
SUNT-0003,0,15,0.0
PETE-0518,0,15,0.0
NETI-0006,0,15,0.0
SETS-0003,0,15,0.0
INBO-0006,0,15,0.0
WINI-0004,0,15,0.0
BIZN-0009,0,15,0.0
PETE-1426,0,15,0.0
PVZP-0001,0,15,0.0
EGEN-0003,0,15,0.0
FORB-0007,0,15,0.0
W3MI-0002,0,15,0.0
CHIR-0004,0,15,0.0
SOIT-0002,0,15,0.0
WEBT-0010,0,15,0.0
PROP-0003,0,15,0.0
ELEZ-0006,0,15,0.0
LJPH-0001,0,15,0.0
ENEL-0002,0,14,0.0
PARA-0034,0,14,0.0
SPLY-0003,0,14,0.0
RNJA-0006,0,14,0.0
NETO-0001,0,14,0.0
BSEI-0001,0,14,0.0
RADO-0609,0,14,0.0
G66I-0001,0,14,0.0
EGRE-0001,0,14,0.0
ORIG-0014,0,14,0.0
STRE-0067,0,14,0.0
ONEG-0001,0,14,0.0
PROF-0004,0,14,0.0
GRAP-0006,0,14,0.0
GOOD-0033,0,14,0.0
LLAM-0001,0,14,0.0
DANI-0020,0,14,0.0
VIKT-0069,0,14,0.0
REG-361241,0,14,0.0
ZANI-0002,0,14,0.0
GIME-0004,0,14,0.0
COFF-0010,0,14,0.0
MEDI-0352,0,14,0.0
ETFI-0001,0,14,0.0
REGI-0181,0,14,0.0
TERN-0003,0,14,0.0
MIKO-0005,0,13,0.0
KVAT-0004,0,13,0.0
GUEV-0001,0,13,0.0
FLYN-0001,0,13,0.0
ANYS-0003,0,13,0.0
PETE-0111,0,13,0.0
AMIN-0002,0,13,0.0
TRIT-0011,0,13,0.0
PIMU-0001,0,13,0.0
EDIZ-0002,0,13,0.0
WEBI-0011,0,13,0.0
MILO-0082,0,13,0.0
GOTT-0001,0,13,0.0
NETC-0008,0,13,0.0
INPO-0006,0,13,0.0
LPMG-0001,0,13,0.0
PETE-1436,0,13,0.0
MATE-0292,0,13,0.0
TECH-0131,0,13,0.0
INTE-0511,0,13,0.0
PETE-1253,0,12,0.0
BORM-0001,0,12,0.0
MARI-0532,0,12,0.0
SYSK-0001,0,12,0.0
ASPO-0005,0,12,0.0
IGOR-0051,0,12,0.0
SLOV-0623,0,12,0.0
EFFI-0005,0,12,0.0
KMRE-0001,0,12,0.0
GECO-0004,0,12,0.0
STAL-0014,0,12,0.0
SOFT-0014,0,12,0.0
INVE-0102,0,12,0.0
CARC-0007,0,12,0.0
PMAR-0001,0,12,0.0
PROL-0023,0,12,0.0
FECO-0003,0,12,0.0
IONS-0001,0,12,0.0
BOFO-0004,0,12,0.0
MNIK-0001,0,12,0.0
HLAV-0001,0,12,0.0
TATR-0250,0,12,0.0
MART-2895,0,12,0.0
SCOM-0001,0,12,0.0
ORIN-0005,0,12,0.0
ROST-0001,0,12,0.0
SIEM-0007,0,12,0.0
MINI-0006,0,12,0.0
HAKO-0002,0,12,0.0
MART-2131,0,12,0.0
CONS-0102,0,11,0.0
6COM-0003,0,11,0.0
BLUE-0020,0,11,0.0
DANN-0001,0,11,0.0
ACCE-0001,0,11,0.0
TRIL-0005,0,11,0.0
TORN-0004,0,11,0.0
OPAL-0005,0,11,0.0
FELI-0004,0,11,0.0
INTI-0040,0,11,0.0
WIBI-0001,0,11,0.0
TOML-0042,0,11,0.0
BOMB-0004,0,11,0.0
DOBR-0054,0,11,0.0
NOVA-0052,0,11,0.0
MEST-0050,0,11,0.0
WELD-0002,0,11,0.0
GENE-0001,0,11,0.0
MUWD-0001,0,11,0.0
INET-0013,0,11,0.0
CLAR-0009,0,11,0.0
KVAN-0001,0,11,0.0
KPMG-0002,0,10,0.0
RADO-0640,0,10,0.0
TTAT-0004,0,10,0.0
SLOV-0205,0,10,0.0
MOCC-0001,0,10,0.0
JNMA-0004,0,10,0.0
AGAT-0004,0,10,0.0
RTIS-0203,0,10,0.0
FUXO-0001,0,10,0.0
NJUR-0001,0,10,0.0
BCBO-0003,0,10,0.0
IVAN-0412,0,10,0.0
TOLD-0003,0,10,0.0
REG-368493,0,10,0.0
ESTA-0001,0,10,0.0
ATSK-0001,0,10,0.0
WIFI-0001,0,10,0.0
VBIB-0001,0,10,0.0
ZENO-0001,0,10,0.0
JNHE-0006,0,10,0.0
ACOM-0005,0,10,0.0
SURA-0001,0,10,0.0
MASA-0001,0,10,0.0
MURA-0004,0,10,0.0
NARK-0001,0,10,0.0
GRIN-0001,0,10,0.0
UBOK-0028,0,10,0.0
ZUEN-0401,0,10,0.0
PORE-0004,0,9,0.0
TCOM-0001,0,9,0.0
LUBO-0180,0,9,0.0
DIGI-0086,0,9,0.0
ITZH-0001,0,9,0.0
AISS-0002,0,9,0.0
EKOR-0005,0,9,0.0
KLUB-0185,0,9,0.0
MEDI-0535,0,9,0.0
BSSY-0001,0,9,0.0
AGEN-0118,0,9,0.0
ITPA-0002,0,9,0.0
MIRO-2047,0,9,0.0
WEBW-0006,0,9,0.0
ZUZA-0474,0,9,0.0
BROK-0012,0,9,0.0
APTE-0001,0,9,0.0
EMAG-0001,0,9,0.0
MUDI-0001,0,9,0.0
UBOK-0013,0,9,0.0
LAMP-0002,0,9,0.0
JURA-0225,0,9,0.0
CDEI-0001,0,9,0.0
SIST-0003,0,9,0.0
PSKA-0001,0,9,0.0
RELY-0002,0,9,0.0
CLUB-0010,0,9,0.0
RPSS-0001,0,9,0.0
BEST-0080,0,9,0.0
JOZE-0696,0,9,0.0
MKUC-0001,0,9,0.0
EURO-0942,0,9,0.0
BIGW-0001,0,9,0.0
MICH-0971,0,9,0.0
MART-2152,0,9,0.0
VODO-0003,0,9,0.0
FUJA-0001,0,9,0.0
BOST-0011,0,9,0.0
ITSI-0002,0,9,0.0
MONA-0004,0,9,0.0
TECH-0144,0,9,0.0
JKBU-0001,0,9,0.0
BCPE-0006,0,9,0.0
SCIE-0001,0,9,0.0
REVI-0039,0,9,0.0
EKON-0030,0,9,0.0
STZM-0001,0,9,0.0
ISOF-0001,0,9,0.0
PROL-0030,0,9,0.0
LAUD-0001,0,9,0.0
MICR-0003,0,9,0.0
ASTA-0002,0,8,0.0
PROM-0126,0,8,0.0
MIRO-0070,0,8,0.0
ICSS-0001,0,8,0.0
NIKO-0031,0,8,0.0
XABA-0001,0,8,0.0
ELFA-0001,0,8,0.0
VIER-0206,0,8,0.0
ABCO-0010,0,8,0.0
ACCE-0002,0,8,0.0
ACSY-0001,0,8,0.0
SILV-0177,0,8,0.0
ALBE-0001,0,8,0.0
CENT-0324,0,8,0.0
NETT-0006,0,8,0.0
POLY-0065,0,8,0.0
DOMA-0012,0,8,0.0
ALPI-0006,0,8,0.0
ELEC-0030,0,8,0.0
NEON-0002,0,8,0.0
SFBI-0001,0,8,0.0
SEVI-0002,0,8,0.0
PAVO-0167,0,8,0.0
ENET-0001,0,8,0.0
ATCO-0001,0,8,0.0
XPAY-0002,0,8,0.0
NETW-0005,0,8,0.0
TOHO-0003,0,8,0.0
ACOJ-0001,0,8,0.0
TRIN-0028,0,8,0.0
LIND-0046,0,8,0.0
SUPE-0050,0,8,0.0
MCOM-0008,0,8,0.0
KANC-0003,0,8,0.0
MART-0599,0,8,0.0
MICH-0727,0,8,0.0
OLIV-0113,0,8,0.0
INOM-0004,0,8,0.0
CARM-0002,0,8,0.0
TECH-0176,0,8,0.0
MEGA-0008,0,8,0.0
VERD-0005,0,8,0.0
DEVI-0013,0,8,0.0
FIAT-0001,0,8,0.0
RANS-0004,0,8,0.0
JOZE-2782,0,8,0.0
BUGL-0001,0,8,0.0
MRPC-0001,0,8,0.0
CEST-0003,0,8,0.0
PROB-0029,0,8,0.0
BCTO-0005,0,8,0.0
FRIZ-0001,0,8,0.0
IVES-0001,0,8,0.0
IFNE-0001,0,8,0.0
OMNI-0007,0,8,0.0
JAMP-0033,0,8,0.0
DNOM-0002,0,7,0.0
EKOI-0002,0,7,0.0
PETE-0494,0,7,0.0
ABEL-0002,0,7,0.0
ALPH-0014,0,7,0.0
WEBW-0004,0,7,0.0
MART-0475,0,7,0.0
BODY-0015,0,7,0.0
GOOD-0036,0,7,0.0
OLIM-0007,0,7,0.0
IKSN-0001,0,7,0.0
MIKR-0060,0,7,0.0
SLOV-1310,0,7,0.0
APLI-0013,0,7,0.0
KORA-0001,0,7,0.0
PROH-0013,0,7,0.0
MOBI-0001,0,7,0.0
MEDI-0530,0,7,0.0
STEE-0001,0,7,0.0
MART-0702,0,7,0.0
ENTO-0001,0,7,0.0
GSWI-0001,0,7,0.0
TORO-0008,0,7,0.0
MAME-0001,0,7,0.0
MIKO-0002,0,7,0.0
ELTE-0020,0,7,0.0
REKL-0013,0,7,0.0
MARM-0014,0,7,0.0
KYBE-0006,0,7,0.0
DOTN-0002,0,7,0.0
EMTE-0006,0,7,0.0
VIAD-0006,0,7,0.0
EDUA-0011,0,7,0.0
DTEC-0001,0,7,0.0
HEBE-0001,0,7,0.0
MARE-1128,0,7,0.0
PIPO-0002,0,7,0.0
MILA-0914,0,7,0.0
KOFT-0004,0,7,0.0
LUBE-0005,0,7,0.0
DUAN-0665,0,7,0.0
SKYN-0001,0,7,0.0
NOST-0005,0,7,0.0
HSOF-0002,0,7,0.0
PEMO-0001,0,7,0.0
SONI-0005,0,7,0.0
MOTA-0003,0,7,0.0
NROD-0019,0,7,0.0
FACT-0005,0,7,0.0
BRAN-0470,0,7,0.0
PROD-0004,0,7,0.0
NROD-0035,0,7,0.0
TRIA-0005,0,7,0.0
MFLY-0001,0,7,0.0
BANK-0007,0,7,0.0
TWO4-0001,0,6,0.0
TALB-0001,0,6,0.0
ATEC-0010,0,6,0.0
NORO-0002,0,6,0.0
RTIS-0183,0,6,0.0
ACON-0006,0,6,0.0
TOMM-0015,0,6,0.0
UNIF-0015,0,6,0.0
BITC-0003,0,6,0.0
ARMI-0003,0,6,0.0
FINB-0001,0,6,0.0
PURO-0003,0,6,0.0
CAVS-0002,0,6,0.0
APOL-0003,0,6,0.0
FFCG-0002,0,6,0.0
GRIM-0007,0,6,0.0
WOOD-0010,0,6,0.0
NTEL-0002,0,6,0.0
PROM-0039,0,6,0.0
HSGI-0004,0,6,0.0
PROO-0008,0,6,0.0
AZNE-0002,0,6,0.0
VILI-0038,0,6,0.0
BREZ-0008,0,6,0.0
TOMS-0097,0,6,0.0
VEDK-0001,0,6,0.0
BESS-0001,0,6,0.0
BORI-0049,0,6,0.0
DANP-0001,0,6,0.0
WADO-0001,0,6,0.0
BOXN-0001,0,6,0.0
BWIN-0005,0,6,0.0
CARZ-0001,0,6,0.0
TTNY-0032,0,6,0.0
3MNE-0001,0,6,0.0
HDSI-0001,0,6,0.0
TRAD-0019,0,6,0.0
SKYM-0004,0,6,0.0
DARK-0004,0,6,0.0
STOV-0002,0,6,0.0
UPTO-0002,0,6,0.0
LOCA-0001,0,6,0.0
TOLI-0001,0,6,0.0
NETD-0004,0,6,0.0
POLY-0013,0,6,0.0
ECON-0020,0,6,0.0
IGOR-0035,0,6,0.0
ROMA-0074,0,6,0.0
ERIC-0011,0,6,0.0
ESEC-0001,0,6,0.0
FTPL-0001,0,6,0.0
PLEX-0003,0,6,0.0
EPON-0005,0,6,0.0
BRAN-0646,0,6,0.0
NUST-0002,0,6,0.0
PEGM-0001,0,6,0.0
VAHO-0001,0,6,0.0
HEWL-0002,0,6,0.0
SMAR-0035,0,6,0.0
TSPO-0000,0,6,0.0
KOIC-0002,0,6,0.0
TRNA-0012,0,6,0.0
BARA-0017,0,6,0.0
TATR-0054,0,6,0.0
MOVY-0002,0,6,0.0
VILI-0073,0,6,0.0
BUSI-0015,0,5,0.0
VBUS-0001,0,5,0.0
SPIN-0008,0,5,0.0
TOEO-0001,0,5,0.0
TAMS-0014,0,5,0.0
SOFT-0025,0,5,0.0
AEVI-0002,0,5,0.0
AEON-0001,0,5,0.0
VYSO-0010,0,5,0.0
XONI-0006,0,5,0.0
MRUD-0001,0,5,0.0
LADI-0651,0,5,0.0
AGRO-0272,0,5,0.0
AIRN-0002,0,5,0.0
UNIK-0003,0,5,0.0
SPRM-0001,0,5,0.0
ASOF-0001,0,5,0.0
DTEX-0001,0,5,0.0
JURA-0054,0,5,0.0
AGEM-0003,0,5,0.0
APIS-0001,0,5,0.0
PNET-0002,0,5,0.0
JOZE-0205,0,5,0.0
EMIL-0130,0,5,0.0
AUDI-0014,0,5,0.0
ESEN-0007,0,5,0.0
DATA-0067,0,5,0.0
ZLES-0001,0,5,0.0
JURA-1254,0,5,0.0
FINA-0100,0,5,0.0
AVEN-0007,0,5,0.0
CAYO-0002,0,5,0.0
BAKU-0002,0,5,0.0
IMPR-0018,0,5,0.0
MAMP-0074,0,5,0.0
MAGD-0064,0,5,0.0
VEST-0010,0,5,0.0
ETHS-0001,0,5,0.0
ABSO-0010,0,5,0.0
BRAN-0745,0,5,0.0
GOLD-0004,0,5,0.0
CONE-0008,0,5,0.0
HABI-0002,0,5,0.0
BORO-0013,0,5,0.0
DVGI-0001,0,5,0.0
ZLAT-0033,0,5,0.0
SEGA-0011,0,5,0.0
CAMA-0007,0,5,0.0
FRAN-0007,0,5,0.0
PUBL-0017,0,5,0.0
ELIT-0023,0,5,0.0
JNTU-0011,0,5,0.0
ZUEN-0280,0,5,0.0
MSCO-0003,0,5,0.0
CCSI-0001,0,5,0.0
CONE-0015,0,5,0.0
PMIT-0001,0,5,0.0
SOKO-0003,0,5,0.0
JMAZ-0001,0,5,0.0
NETE-0003,0,5,0.0
SPPD-0002,0,5,0.0
H2KG-0002,0,5,0.0
DOGM-0001,0,5,0.0
MIRO-0838,0,5,0.0
TKOS-0001,0,5,0.0
PROG-0005,0,5,0.0
FOUR-0008,0,5,0.0
NETL-0006,0,5,0.0
METO-0014,0,5,0.0
FOLL-0005,0,5,0.0
ITEI-0001,0,5,0.0
TORA-0005,0,5,0.0
PGAC-0001,0,5,0.0
ZSPO-0001,0,5,0.0
WEDI-0009,0,5,0.0
MEDZ-0004,0,5,0.0
RAMI-0010,0,5,0.0
ITEX-0001,0,5,0.0
PETE-0068,0,5,0.0
MSLO-0001,0,5,0.0
AMNE-0001,0,5,0.0
MART-0302,0,5,0.0
POPN-0001,0,5,0.0
DOMO-0122,0,5,0.0
NICA-0001,0,5,0.0
PUBL-0004,0,5,0.0
1BIT-0001,0,4,0.0
ADAM-0141,0,4,0.0
KATE-0007,0,4,0.0
GREE-0083,0,4,0.0
MART-0636,0,4,0.0
AGEN-0178,0,4,0.0
AGRO-0325,0,4,0.0
TECH-0158,0,4,0.0
PROC-0066,0,4,0.0
RGSE-0001,0,4,0.0
ALLI-0009,0,4,0.0
NSLO-0002,0,4,0.0
ROMA-0173,0,4,0.0
ARTE-0065,0,4,0.0
EATA-0001,0,4,0.0
WLHI-0001,0,4,0.0
JOZE-0224,0,4,0.0
ATRI-0025,0,4,0.0
SATE-0007,0,4,0.0
DEVE-0036,0,4,0.0
DANT-0012,0,4,0.0
DMCO-0001,0,4,0.0
IMPR-0005,0,4,0.0
EMBE-0001,0,4,0.0
OMAT-0001,0,4,0.0
WSPO-0001,0,4,0.0
DETR-0007,0,4,0.0
BEST-0006,0,4,0.0
BICB-0002,0,4,0.0
RUBI-0010,0,4,0.0
SOME-0009,0,4,0.0
ECLI-0001,0,4,0.0
MICH-0519,0,4,0.0
VISI-0040,0,4,0.0
FRAN-0326,0,4,0.0
BSPC-0001,0,4,0.0
MARC-0283,0,4,0.0
MELC-0003,0,4,0.0
IINT-0002,0,4,0.0
MORG-0007,0,4,0.0
ROBE-0176,0,4,0.0
SIEM-0005,0,4,0.0
TECH-0043,0,4,0.0
METH-0002,0,4,0.0
RADO-0601,0,4,0.0
JNKO-0077,0,4,0.0
MEIT-0001,0,4,0.0
KMAR-0003,0,4,0.0
MATE-0695,0,4,0.0
TEFA-0129,0,4,0.0
ITBA-0001,0,4,0.0
PROV-0050,0,4,0.0
MARK-0176,0,4,0.0
VRMD-0001,0,4,0.0
ETRE-0003,0,4,0.0
ELAR-0005,0,4,0.0
ELIT-0033,0,4,0.0
FLEX-0023,0,4,0.0
RALF-0001,0,4,0.0
ELVI-0013,0,4,0.0
EXEI-0001,0,4,0.0
EXPA-0009,0,4,0.0
IGOR-0018,0,4,0.0
STUD-0008,0,4,0.0
PROD-0007,0,4,0.0
GITY-0002,0,4,0.0
KGVI-0002,0,4,0.0
STOR-0007,0,4,0.0
HGDA-0001,0,4,0.0
PETE-1771,0,4,0.0
ICPI-0001,0,4,0.0
TATR-0051,0,4,0.0
MICH-2266,0,4,0.0
HEAL-0006,0,4,0.0
NEOT-0004,0,4,0.0
SECN-0001,0,4,0.0
PHOB-0003,0,4,0.0
TOPN-0001,0,4,0.0
OTPB-0001,0,4,0.0
POIS-0006,0,4,0.0
PPSO-0001,0,4,0.0
SOME-0007,0,4,0.0
UNIS-0050,0,4,0.0
PROM-0140,0,4,0.0
UNIT-0041,0,4,0.0
3MTE-0003,0,3,0.0
ISBX-0002,0,3,0.0
4MAM-0002,0,3,0.0
SSLO-0004,0,3,0.0
7MED-0002,0,3,0.0
TIBO-0090,0,3,0.0
NOVA-0021,0,3,0.0
A-CO-0002,0,3,0.0
PENT-0027,0,3,0.0
SPIR-0006,0,3,0.0
KALM-0003,0,3,0.0
SAMM-0001,0,3,0.0
ALCO-0012,0,3,0.0
ALIM-0002,0,3,0.0
CANE-0002,0,3,0.0
ONKO-0001,0,3,0.0
LICE-0001,0,3,0.0
PAPE-0011,0,3,0.0
MART-1821,0,3,0.0
MATE-0360,0,3,0.0
RESO-0005,0,3,0.0
STAN-0189,0,3,0.0
ARKO-0002,0,3,0.0
JARO-0015,0,3,0.0
BORK-0001,0,3,0.0
SAIP-0001,0,3,0.0
MILA-1377,0,3,0.0
IVAN-0441,0,3,0.0
STIN-0004,0,3,0.0
UNIV-0005,0,3,0.0
BUSI-0004,0,3,0.0
BEPI-0001,0,3,0.0
BETA-0028,0,3,0.0
PETE-2240,0,3,0.0
GRAF-0027,0,3,0.0
SOMN-0003,0,3,0.0
ROBE-0041,0,3,0.0
UNIQ-0008,0,3,0.0
REG-366807,0,3,0.0
MINI-0038,0,3,0.0
TRAI-0012,0,3,0.0
THEM-0004,0,3,0.0
ELEZ-0010,0,3,0.0
INCO-0023,0,3,0.0
LARM-0001,0,3,0.0
WHIT-0003,0,3,0.0
CYBE-0005,0,3,0.0
INFA-0004,0,3,0.0
CHIN-0003,0,3,0.0
CITI-0005,0,3,0.0
TECH-0070,0,3,0.0
MMIR-0001,0,3,0.0
NLOV-0002,0,3,0.0
ESKI-0002,0,3,0.0
PAVE-0472,0,3,0.0
MOIR-0003,0,3,0.0
VELT-0001,0,3,0.0
JNPI-0004,0,3,0.0
X24I-0001,0,3,0.0
EKOS-0012,0,3,0.0
DATA-0106,0,3,0.0
DATA-0126,0,3,0.0
DATA-0071,0,3,0.0
MART-0089,0,3,0.0
DIGI-0044,0,3,0.0
EURO-0661,0,3,0.0
ERIT-0002,0,3,0.0
HEWL-0001,0,3,0.0
MICH-0215,0,3,0.0
EDFA-0001,0,3,0.0
MILL-0012,0,3,0.0
TOMD-0038,0,3,0.0
ITAL-0023,0,3,0.0
SSVI-0001,0,3,0.0
EPUS-0001,0,3,0.0
OZTU-0001,0,3,0.0
TTCO-0010,0,3,0.0
INNO-0012,0,3,0.0
LUMA-0024,0,3,0.0
FNLP-0002,0,3,0.0
FOUR-0010,0,3,0.0
FREE-0040,0,3,0.0
3NET-0002,0,3,0.0
MICH-0208,0,3,0.0
IQVI-0001,0,3,0.0
EMTE-0008,0,3,0.0
MART-4304,0,3,0.0
RKMS-0001,0,3,0.0
FRAN-0195,0,3,0.0
ICOS-0001,0,3,0.0
CADI-0004,0,3,0.0
ALFA-0081,0,3,0.0
SARI-0005,0,3,0.0
IQTE-0001,0,3,0.0
MBTE-0002,0,3,0.0
MICR-0034,0,3,0.0
TOPA-0004,0,3,0.0
MARE-0928,0,3,0.0
PYTK-0001,0,3,0.0
PETE-1054,0,3,0.0
NEXT-0043,0,3,0.0
VERO-0074,0,3,0.0
TSMO-0001,0,3,0.0
SMSS-0001,0,3,0.0
ASPO-0001,0,3,0.0
BELT-0005,0,3,0.0
ZIPS-0009,0,3,0.0
SHIF-0001,0,3,0.0
MERI-0014,0,3,0.0
RAMP-0014,0,3,0.0
DIGI-0048,0,3,0.0
PIES-0009,0,3,0.0
UMST-0002,0,3,0.0
RMAR-0002,0,3,0.0
NADC-0069,0,3,0.0
REAL-0272,0,3,0.0
ROBE-0181,0,3,0.0
TELE-0024,0,3,0.0
VESL-0001,0,3,0.0
WTHE-0001,0,3,0.0
MIRA-0067,0,3,0.0
STIN-0003,0,3,0.0
TRAN-0039,0,3,0.0
TOVA-0001,0,3,0.0
SESI-0004,0,3,0.0
ZUEN-0070,0,3,0.0
EDCI-0002,0,3,0.0
VODO-0002,0,3,0.0
RICH-0109,0,2,0.0
WEXA-0001,0,2,0.0
ACCE-0025,0,2,0.0
ACTI-0022,0,2,0.0
ADVA-0017,0,2,0.0
AINF-0003,0,2,0.0
SALO-0012,0,2,0.0
CONS-0108,0,2,0.0
CNCT-0003,0,2,0.0
AITI-0001,0,2,0.0
AGRO-0002,0,2,0.0
ANKO-0004,0,2,0.0
ANYS-0004,0,2,0.0
ARTE-0068,0,2,0.0
135S-0001,0,2,0.0
NORB-0101,0,2,0.0
SETI-0004,0,2,0.0
VEJA-0002,0,2,0.0
TOMV-0045,0,2,0.0
EXHA-0002,0,2,0.0
ANSW-0001,0,2,0.0
BAHJ-0001,0,2,0.0
GILB-0004,0,2,0.0
DIGI-0039,0,2,0.0
SAMU-0115,0,2,0.0
BEPO-0003,0,2,0.0
MACH-0006,0,2,0.0
JURA-0145,0,2,0.0
OUPI-0001,0,2,0.0
PSYS-0001,0,2,0.0
MICH-2270,0,2,0.0
MART-1385,0,2,0.0
PROJ-0032,0,2,0.0
BRAW-0001,0,2,0.0
BRAT-0014,0,2,0.0
ELVE-0017,0,2,0.0
DOBR-0001,0,2,0.0
CADI-0003,0,2,0.0
STEL-0032,0,2,0.0
REDB-0006,0,2,0.0
TATR-0197,0,2,0.0
ANRO-0001,0,2,0.0
DUOC-0001,0,2,0.0
MILO-0594,0,2,0.0
COMK-0001,0,2,0.0
CONA-0002,0,2,0.0
ESTO-0004,0,2,0.0
CPSD-0001,0,2,0.0
KONG-0002,0,2,0.0
CTIN-0001,0,2,0.0
DSOF-0001,0,2,0.0
FREE-0018,0,2,0.0
DATA-0003,0,2,0.0
DATY-0002,0,2,0.0
DCGI-0001,0,2,0.0
LIGA-0005,0,2,0.0
SAMU-0002,0,2,0.0
PETE-4196,0,2,0.0
COMT-0001,0,2,0.0
ITRE-0005,0,2,0.0
PEPA-0004,0,2,0.0
MICO-0001,0,2,0.0
EKOL-0015,0,2,0.0
TRIK-0030,0,2,0.0
LIGH-0015,0,2,0.0
WITT-0008,0,2,0.0
LUBO-0069,0,2,0.0
GSYS-0001,0,2,0.0
ERSI-0002,0,2,0.0
ESCA-0005,0,2,0.0
UDOV-0071,0,2,0.0
VYDA-0048,0,2,0.0
VPLE-0001,0,2,0.0
HENR-0064,0,2,0.0
FAIR-0012,0,2,0.0
FAMS-0001,0,2,0.0
HNZL-0001,0,2,0.0
JURO-0020,0,2,0.0
REFO-0003,0,2,0.0
PPLU-0001,0,2,0.0
IQSY-0001,0,2,0.0
GEST-0005,0,2,0.0
JUKO-0001,0,2,0.0
ADNE-0005,0,2,0.0
ZOOM-0002,0,2,0.0
JRAF-0001,0,2,0.0
GROU-0038,0,2,0.0
XDVI-0001,0,2,0.0
GULI-0001,0,2,0.0
HADB-0003,0,2,0.0
KLUB-0012,0,2,0.0
MART-2600,0,2,0.0
MILN-0003,0,2,0.0
WEBS-0025,0,2,0.0
MILO-0048,0,2,0.0
MART-0906,0,2,0.0
INTI-0043,0,2,0.0
NEKO-0002,0,2,0.0
LUKS-0020,0,2,0.0
ITDI-0001,0,2,0.0
BJAR-0001,0,2,0.0
SITN-0008,0,2,0.0
ADPE-0002,0,2,0.0
XIME-0002,0,2,0.0
PROG-0037,0,2,0.0
KAME-0052,0,2,0.0
KATO-0006,0,2,0.0
KJFI-0001,0,2,0.0
NEOT-0003,0,2,0.0
THPO-0001,0,2,0.0
VIDM-0002,0,2,0.0
JURA-0874,0,2,0.0
KRSK-0001,0,2,0.0
PMXN-0002,0,2,0.0
QUAL-0004,0,2,0.0
STAR-0134,0,2,0.0
MAMI-0002,0,2,0.0
KOPA-0002,0,2,0.0
ADAM-0016,0,2,0.0
LAIT-0001,0,2,0.0
AGEN-0082,0,2,0.0
RTIS-0732,0,2,0.0
PROD-0042,0,2,0.0
MMSE-0006,0,2,0.0
SIMP-0026,0,2,0.0
THIN-0002,0,2,0.0
BIGH-0002,0,2,0.0
NEXT-0042,0,2,0.0
WEBS-0014,0,2,0.0
NORM-0008,0,2,0.0
MKAD-0001,0,2,0.0
WEB4-0007,0,2,0.0
SOMH-0001,0,2,0.0
SERV-0019,0,2,0.0
ORCA-0001,0,2,0.0
ORGA-0016,0,2,0.0
EURI-0009,0,2,0.0
AFFI-0004,0,2,0.0
TTCI-0002,0,2,0.0
VORA-0001,0,2,0.0
PROG-0081,0,2,0.0
LASA-0001,0,2,0.0
PAAM-0001,0,2,0.0
RESE-0002,0,2,0.0
ROED-0001,0,2,0.0
STAV-0219,0,2,0.0
UNIC-0027,0,2,0.0
STAV-0090,0,2,0.0
PETE-0238,0,2,0.0
UNIV-0049,0,2,0.0
KUBL-0001,0,2,0.0
VINO-0026,0,2,0.0
SOLI-0018,0,2,0.0
PSIN-0002,0,2,0.0
TELE-0005,0,2,0.0
GRSP-0001,0,2,0.0
UVET-0001,0,2,0.0
MWIK-0001,0,2,0.0
FEDO-0017,0,2,0.0
VALI-0010,0,2,0.0
AZOV-0001,0,1,0.0
MORI-0004,0,1,0.0
PRON-0022,0,1,0.0
SRSW-0001,0,1,0.0
ACLI-0001,0,1,0.0
FRES-0013,0,1,0.0
ADOX-0002,0,1,0.0
WIND-0009,0,1,0.0
PAVO-0321,0,1,0.0
AGEN-0260,0,1,0.0
AGMI-0002,0,1,0.0
CLEA-0034,0,1,0.0
PKRK-0001,0,1,0.0
AIVA-0001,0,1,0.0
TERM-0016,0,1,0.0
ALLI-0028,0,1,0.0
ALLT-0022,0,1,0.0
AMIC-0027,0,1,0.0
DLTS-0002,0,1,0.0
APT--0001,0,1,0.0
AGEN-0155,0,1,0.0
ARTR-0025,0,1,0.0
ATCO-0005,0,1,0.0
VIKS-0003,0,1,0.0
EMIL-0010,0,1,0.0
ESOF-0001,0,1,0.0
AWLA-0001,0,1,0.0
ECEN-0003,0,1,0.0
EURO-0918,0,1,0.0
ROMA-1148,0,1,0.0
PCMO-0004,0,1,0.0
CHSC-0001,0,1,0.0
ILFI-0002,0,1,0.0
BBSH-0001,0,1,0.0
AMDE-0001,0,1,0.0
RADO-0235,0,1,0.0
FUJI-0004,0,1,0.0
BEST-0029,0,1,0.0
NAVI-0023,0,1,0.0
HRIK-0001,0,1,0.0
BOQI-0002,0,1,0.0
BORK-0002,0,1,0.0
NADC-0082,0,1,0.0
VLAD-0550,0,1,0.0
BCPE-0002,0,1,0.0
COFT-0002,0,1,0.0
COLU-0002,0,1,0.0
CEAE-0001,0,1,0.0
ATEL-0027,0,1,0.0
EMIL-0005,0,1,0.0
CENT-0260,0,1,0.0
XMED-0002,0,1,0.0
CHIR-0016,0,1,0.0
TEFN-0008,0,1,0.0
EXAN-0001,0,1,0.0
COMS-0011,0,1,0.0
MILA-0038,0,1,0.0
TALL-0001,0,1,0.0
GSYS-0002,0,1,0.0
ITRO-0001,0,1,0.0
HERB-0022,0,1,0.0
DELV-0001,0,1,0.0
DISE-0002,0,1,0.0
HJOZ-0001,0,1,0.0
DOGS-0002,0,1,0.0
DOTN-0001,0,1,0.0
MIRO-2033,0,1,0.0
WAYN-0003,0,1,0.0
ITCO-0008,0,1,0.0
EGON-0001,0,1,0.0
UBOS-0029,0,1,0.0
LUPE-0004,0,1,0.0
SMOL-0001,0,1,0.0
EMMB-0002,0,1,0.0
MOND-0012,0,1,0.0
JARO-0447,0,1,0.0
ENJO-0001,0,1,0.0
ENTE-0009,0,1,0.0
NODE-0002,0,1,0.0
PETE-3491,0,1,0.0
OKEY-0001,0,1,0.0
EURO-0045,0,1,0.0
SPPP-0001,0,1,0.0
KIDS-0002,0,1,0.0
FIDI-0002,0,1,0.0
FINC-0005,0,1,0.0
VILI-0252,0,1,0.0
FORE-0012,0,1,0.0
MIRO-1938,0,1,0.0
ANTA-0015,0,1,0.0
ADVE-0001,0,1,0.0
GART-0003,0,1,0.0
GAST-0001,0,1,0.0
GAVI-0006,0,1,0.0
GYMN-0007,0,1,0.0
GYMN-0027,0,1,0.0
GYMN-0088,0,1,0.0
GYMN-0053,0,1,0.0
GPOI-0001,0,1,0.0
GYMN-0040,0,1,0.0
GYMN-0081,0,1,0.0
AIAN-0231,0,1,0.0
OSKA-0010,0,1,0.0
CREA-0087,0,1,0.0
DANI-0119,0,1,0.0
OBEC-1399,0,1,0.0
JANS-0026,0,1,0.0
KOBA-0008,0,1,0.0
IBSY-0001,0,1,0.0
GOOD-0044,0,1,0.0
IKON-0002,0,1,0.0
MRAK-0001,0,1,0.0
INIT-0006,0,1,0.0
INFO-0134,0,1,0.0
INFO-0024,0,1,0.0
CAMP-0023,0,1,0.0
INTE-0341,0,1,0.0
MOPO-0001,0,1,0.0
ROBO-0010,0,1,0.0
JOMA-0009,0,1,0.0
SECO-0008,0,1,0.0
KOMO-0005,0,1,0.0
OMNI-0044,0,1,0.0
OBIA-0020,0,1,0.0
KORA-0006,0,1,0.0
AGEN-0027,0,1,0.0
KRAL-0009,0,1,0.0
ZBYN-0002,0,1,0.0
CENT-0231,0,1,0.0
KUKI-0002,0,1,0.0
KPEL-0005,0,1,0.0
MARI-1714,0,1,0.0
PAVO-0548,0,1,0.0
KYBE-0004,0,1,0.0
ELEM-0022,0,1,0.0
SELE-0002,0,1,0.0
UDOV-0007,0,1,0.0
M2TE-0001,0,1,0.0
IURA-0002,0,1,0.0
MADV-0002,0,1,0.0
PETE-4165,0,1,0.0
THEF-0003,0,1,0.0
MAMA-0004,0,1,0.0
MARF-0002,0,1,0.0
MATO-0006,0,1,0.0
MEDI-0335,0,1,0.0
MEDI-0199,0,1,0.0
STIX-0001,0,1,0.0
META-0156,0,1,0.0
META-0126,0,1,0.0
SLOV-1328,0,1,0.0
MEVI-0006,0,1,0.0
MICH-2072,0,1,0.0
MILE-0039,0,1,0.0
MILK-0008,0,1,0.0
PETR-0169,0,1,0.0
MIVA-0010,0,1,0.0
MIZZ-0001,0,1,0.0
MJCH-0001,0,1,0.0
MLTI-0001,0,1,0.0
MSOF-0002,0,1,0.0
PETE-0614,0,1,0.0
ORER-0001,0,1,0.0
KOHI-0009,0,1,0.0
MARI-1849,0,1,0.0
MRZJ-0002,0,1,0.0
MTEC-0009,0,1,0.0
FINO-0007,0,1,0.0
FLOR-0017,0,1,0.0
NATU-0021,0,1,0.0
RROM-0001,0,1,0.0
PAVO-0456,0,1,0.0
NEXI-0001,0,1,0.0
NORT-0019,0,1,0.0
NRSY-0001,0,1,0.0
OBCH-0018,0,1,0.0
KRES-0004,0,1,0.0
DOWI-0002,0,1,0.0
ORGA-0001,0,1,0.0
OROL-0003,0,1,0.0
PETE-3089,0,1,0.0
SOCI-0022,0,1,0.0
REST-0004,0,1,0.0
PERF-0023,0,1,0.0
PLAN-0003,0,1,0.0
RICH-0568,0,1,0.0
PREF-0001,0,1,0.0
AGEN-0001,0,1,0.0
PROC-0002,0,1,0.0
PROR-0031,0,1,0.0
PROR-0025,0,1,0.0
PROV-0037,0,1,0.0
PRVA-0006,0,1,0.0
RADO-0338,0,1,0.0
QTRI-0001,0,1,0.0
RADD-0001,0,1,0.0
VIRT-0007,0,1,0.0
BONU-0032,0,1,0.0
RAME-0001,0,1,0.0
RCSA-0001,0,1,0.0
GATI-0006,0,1,0.0
UBOM-0703,0,1,0.0
RGTP-0001,0,1,0.0
RHSO-0002,0,1,0.0
METR-0026,0,1,0.0
RMTI-0003,0,1,0.0
CODE-0002,0,1,0.0
ROBM-0002,0,1,0.0
ADVE-0028,0,1,0.0
SSLO-0002,0,1,0.0
SAUT-0003,0,1,0.0
TRAI-0004,0,1,0.0
ADIS-0001,0,1,0.0
SYZI-0001,0,1,0.0
SEBS-0001,0,1,0.0
SEMI-0013,0,1,0.0
ULTI-0006,0,1,0.0
NOVI-0008,0,1,0.0
SKRO-0084,0,1,0.0
RAMB-0001,0,1,0.0
SITN-0002,0,1,0.0
REG-682595,0,1,0.0
COMC-0006,0,1,0.0
PORT-0114,0,1,0.0
SMJI-0002,0,1,0.0
SNAI-0004,0,1,0.0
SOCI-0010,0,1,0.0
SOFT-0066,0,1,0.0
SOFT-0044,0,1,0.0
SOFT-0079,0,1,0.0
DOMI-0101,0,1,0.0
SPRI-0002,0,1,0.0
WEBC-0009,0,1,0.0
SPSE-0003,0,1,0.0
STRE-0142,0,1,0.0
ROKO-0006,0,1,0.0
SKYL-0003,0,1,0.0
SMOT-0001,0,1,0.0
BRAN-0653,0,1,0.0
TRNA-0015,0,1,0.0
CYPR-0005,0,1,0.0
TECH-0272,0,1,0.0
TECH-0048,0,1,0.0
TEPE-0005,0,1,0.0
TEXI-0009,0,1,0.0
THEM-0005,0,1,0.0
KUPE-0007,0,1,0.0
SURF-0005,0,1,0.0
JOZE-0042,0,1,0.0
DKTR-0003,0,1,0.0
MICH-1391,0,1,0.0
TRIO-0026,0,1,0.0
TRYS-0002,0,1,0.0
UNIT-0013,0,1,0.0
UPCS-0002,0,1,0.0
UKOI-0001,0,1,0.0
USTR-0002,0,1,0.0
PROW-0007,0,1,0.0
GYMN-0025,0,1,0.0
ROKI-0001,0,1,0.0
VENT-0001,0,1,0.0
ADVA-0009,0,1,0.0
VERI-0003,0,1,0.0
VICT-0033,0,1,0.0
ELSO-0011,0,1,0.0
VNET-0001,0,1,0.0
FUTB-0009,0,1,0.0
VHOS-0003,0,1,0.0
COUP-0001,0,1,0.0
SATE-0004,0,1,0.0
BAMA-0006,0,1,0.0
ISTR-0002,0,1,0.0
SEVE-0020,0,1,0.0
VITK-0001,0,1,0.0
WOOD-0045,0,1,0.0
XAWA-0006,0,1,0.0
PETE-5259,0,1,0.0
ZEXO-0001,0,1,0.0
STRE-0041,0,1,0.0
ZSNP-0001,0,1,0.0
TOTAL,104163,292805,26.24
